712365044435779724
712365419570397249
712365761720746064
712366018764210227
712366337451884645
712366578745737326
712366836255293451
712367202942189610
712367285947596831
712367434291740722
712367645671948329
712369768643952681
712369860327505922
712369992011874325
712370024223867487
712370309881397309
712370439531266068
712372431356166196
712372852883456031
712372886580494386
712372931975708712
712372972773441637
712373172334493696
712373501088235551
712373643157700760
712374235498283118
712374317354188831
712374349411123221
712375824971464796
712375858211586078
715673987262447677
715674190853963826
715681283409313883
715681306981302283
715681400950358057
715681805092520027
715681913335185450
715682022596673536
715682151781105816
715682194923716658
715682214385418251
715682319637413968
715682443247616102
715682494866784289
715682689721565285
715682961001021512
715688588506824774
715688662658187265
715688684346802415
715688764093104210
715688851644874773
715694156898369607
715694176720781373
715694212003135560
715716307609321503
715867177655468033
715867344920117279
715876136785018971
715876259606822992
715876290623701004
715876323696050176
715876448379994152
715876558556102736
715879057337614389
715902763732828191
715903074157330513
715903157951004683
715903675192705064
715904090340851772
715904348319907931
715904364405063691
715904533422932069
715904550858653776
715904680970027028
715904693167063062
715906214910754886
715906283118788659
715907647127289896
715907756309086269
715907864342036522
715908034953740309
715912401991762040
715912423487307796
715912523672584289
715912568043995479
715912672239157279
715912892276539432
715912910936866858
715913059901767782
715913121369292840
715913440937377902
715913534491590828
715913559267082468
715913591848566805
715913610290790610
715914022666633296
715914042300039218
715914159031844886
715918256958865468
715918292539408495
715918668906889216
715918880366657637
715918953981149194
715919051003527241
715919225210011739
715919639775019039
715919701838004236
715920088040996960
715920354236694528
